1785408906.12497
1785409685.12689
1785409806.12719
1785410345.12849
1785410827.12968
1785410765.12962
1785412208.96
1785412387.143
1785412686.209
1785412865.261
1785412865.259
1785412445.155
1785413107.319
1785413348.382
1785414787.741
1785414845.753
1785415325.874
1785415388.890
1785500909.1018
1785501089.1165
1785501149.1231
1785502172.2181
1785501749.1777
1785502409.2384
1785502469.2441
1785502589.2559
1785502529.2476
1785502589.2551
1785502649.2602
1785502229.2199
1785502949.2876
1785503009.2927
1785503014.2944
1785503129.3026
1785503131.3042
1785503309.3187
1785503315.3214
1785502830.2770
1785502891.2826
1785502892.2835
1785503136.3052
1785503615.3376
1785503790.3533
1785503310.3204
1785503313.3211
1785503968.3685
1785504090.3810
1785504329.4012
1785504332.4031
1785504389.4059
1785504389.4062
1785504449.4113
1785503969.3693
1785504510.4173
1785504030.3745
1785504089.3799
1785504091.3815
1785504210.3907
1785504450.4131
1785504569.4228
1785737849.6406
1785738750.6629
1785738929.6674
1785739588.6839
1785739950.6936
1785740848.7164
1785741151.7250
1785743849.7946
1785744628.8151
1785744508.8115
1785744749.8183
1785745049.8257
1785745228.8308
1785746368.8603
1785746369.8609
1785746429.8614
1785746489.8630
1785746969.8764
1785748170.9077
1785748290.9107
1785748469.9155
1785749488.9413
1785749729.9482
1785749851.9512
1785750809.9753
1785751528.9943
1785755130.10635
1785756210.10924
1785756268.10930
1785756750.11057
1785756989.11123
1785757110.11157
1785758070.11404
1785757950.11377
1785758909.11624
1785759568.11789
1785759688.11822
1785759750.11843
1785760049.11918
1785760169.11951
1785760349.12001
1785761308.12242
1785762628.12588
1785762692.12607
1785763409.12792
1785764829.12911
1785821910.13544
1785822029.13579
1785822388.13667
1785822869.13793
1785823108.13862
1785823349.13926
1785823650.14003
1785824430.14199
1785824370.14191
1785824909.14329
1785828213.15043
1785828572.15113
1785828811.15168
1785829112.15232
1785829531.15320
1785829712.15351
1785830912.15616
1785831032.15653
1785831151.15684
1785831690.15823
1785832590.16029
1785832952.16093
1785834691.16503
1785835472.16675
1785836369.16900
1785836490.16930
1785837691.17204
1785841589.18146
1785841710.18249
1785842070.18465
1785842249.18554
1785843509.19188
1785843569.19220
1785844651.19736
1785845731.20301
1785847950.21427
1785848549.21731
1785848491.21709
1785849030.21976
1785849629.22288
1785849509.22226
1785849989.22479
1785850050.22506
1785932491.23539
1785932671.23578
1785934472.24410
1785935132.24736
1785935431.24896
1785936091.25268
1785936091.25276
1785935790.25073
1785936390.25500
1785936452.25553
1786020271.27858
1786022372.28587
1786022730.28680
1786094072.29544
1786094491.29656
1786094731.29730
1786095211.29973
1786095752.30262
1786095752.30258
1786097011.30903
1786097191.30986
1786097791.31297
1786097611.31209
1786098091.31444
1786098932.31890
1786099231.32033
1786099471.32165
1786099651.32260
1786099951.32395
1786100071.32471
1786101270.33073
1786102412.33666
1786102471.33699
1786102712.33822
1786103071.34009
1786103371.34150
1786103432.34175
1786103491.34206
1786103611.34271
1786103791.34375
1786104151.34547
1786104331.34646
1786104571.34763
1786106494.35773
1786106612.35818
1786106671.35889
1786345052.38736
1786345292.38965
1786345532.39180
1786345592.39211
1786345592.39219
1786345832.39455
1786345890.39480
1786346012.39599
1786346191.39775
1786346252.39823
1786346372.39933
1786346552.40091
1786346791.40300
1786347092.40577
1786347272.40769
1786347332.40814
1786347332.40795
1786347631.41076
1786347631.41094
1786347872.41293
1786348233.41622
1786348532.41891
1786348652.42028
1786348532.41893
1786348892.42231
1786349072.42412
1786349251.42553
1786349552.42841
1786349731.43001
1786349732.43010
1786349792.43038
1786350332.43543
1786350632.43820
1786350752.43922
1786350811.43965
1786350930.44079
1786351051.44188
1786351112.44256
1786351352.44490
1786351412.44514
1786352012.45068
1786352192.45230
1786352075.45144
1786352311.45340
1786352432.45470
1786352492.45522
1786352492.45518
1786352610.45635
1786352850.45835
1786352972.45957
1786353331.46262
1786353451.46381
1786353451.46385
1786353214.46173
1786353572.46506
1786353692.46610
1786353692.46618
1786353873.46787
1786353931.46818
1786353991.46861
1786354292.47149
1786354471.47300
1786354711.47544
1786355011.47794
1786355011.47797
1786355132.47912
1786355731.48451
1786355912.48618
1786356091.48806
1786356511.49161
1786357111.49730
1786356992.49597
1786358253.50675
1786358793.50816
1786359632.51033
1786359812.51087
1786360952.51333
1786361311.51423
1786361372.51445
1786362631.51773
1786362811.51818
1786362870.51831
1786363292.51949
1786363590.52025
1786365572.52538
1786366051.52667
1786366052.52671
1786366171.52691
1786366171.52693
1786366472.52771
1786366590.52805
1786366591.52811
1786367252.52977
1786367611.53069
1786436791.54442
1786437151.54618
1786437332.54699
1786438172.55123
1786438231.55153
1786438893.55486
1786438951.55508
1786439010.55550
1786439492.55766
1786439492.55760
1786439791.55919
1786439913.55981
1786440033.56037
1786440212.56130
1786440271.56157
1786440751.56393
1786440451.56252
1786440932.56491
1786441771.56894
1786442250.57143
1786442972.57501
1786443032.57527
1786443212.57626
1786443870.57960
1786443991.58020
1786444112.58080
1786444351.58204
1786444831.58432
1786445491.58759
1786445551.58796
1786445551.58804
1786445611.58831
1786446992.59522
1786447171.59603
1786447712.59884
1786448791.60409
1786449390.60717
1786449811.60924
1786450053.61041
1786450111.61076
1786520072.813
1786520312.880
1786521033.1057
1786521812.1248
1786522233.1357
1786522954.1538
1786523552.1688
1786524214.1981
1786524333.2052
1786524933.2334
1786525593.2667
1786526552.3087
1786526552.3095
1786527273.3456
1786527451.3541
1786527811.3729
1786528473.4060
1786529552.4592
1786537593.6399
1786538551.6884
1786539032.7115
1786540111.7650
1786540231.7715
1786540592.7903
1786541192.8239
1786541311.8326
1786541372.8393
1786541853.8753
1786542272.9072
1786604252.9304
1786604612.9396
1786605871.9691
1786605992.9717
1786605992.9726
1786606472.9847
1786606951.10018
1786607072.10076
1786607193.10133
1786607312.10203
1786607312.10196
1786607432.10247
1786607612.10344
1786607670.10376
1786607731.10396
1786607912.10500
1786608032.10551
1786608272.10679
1786608512.10791
1786608752.10914
1786609233.11157
1786609293.11196
1786609353.11226
1786616432.11630
1786616496.11663
1786616672.11746
1786617452.12436
1786618953.13807
1786619013.13877
1786619070.13935
1786619070.13921
1786619733.14540
1786619791.14573
1786619971.14743
1786620331.15067
1786620331.15069
1786620812.15295
1786621472.15456
1786622012.15592
1786622310.15665
1786623691.16017
1786624172.16139
1786625192.16388
1786625251.16404
1786625551.16482
1786626451.16700
1786627050.16853
1786627831.17046
1786689213.17805
1786689331.17830
1786690535.18134
1786690835.18213
1786691134.18288
1786691313.18329
1786692154.18544
1786692273.18571
1786692333.18591
1786692333.18586
1786693174.18799
1786694014.19016
1786694253.19073
1786694793.19212
1786695634.19420
1786695815.19470
1786695934.19496
1786697374.19862
1786698635.20175
1786698874.20238
1786699474.20391
1786699839.20475
1786699954.20511
1786701454.20884
1786701574.20921
1786701935.21012
1786702174.21070
1786702293.21100
1786703015.21277
1786703194.21329
1786703373.21373
1786703554.21422
1786704455.21643
1786704934.21765
1786705654.21947
1786706375.22132
1786707754.22479
1786708353.22632
1786708840.22752
1786709198.22847
1786709198.22839
1786709257.22860
1786711417.23402
1786711476.23418
1786712439.23666
1786712912.23782
1786713037.23815
1786713393.23904
1786714054.24075
1786951786.24664
1786951956.24711
1786952495.24844
1786954894.25444
1786955074.25491
1786955494.25596
1786955494.25594
1786955736.25657
1786956275.25793
1786956573.25860
1786957234.26030
1786957655.26138
1786958676.26391
1786959395.26569
1786959576.26612
1786961314.27045
1786962516.27347
1786962756.27413
1786963235.27530
1786963235.27533
1786963354.27552
1786964616.27872
1786969414.28338
1786969654.28443
1786969954.28593
1786970015.28637
1786970073.28662
1786970193.28725
1786970313.28770
1786970914.29077
1786971394.29322
1786971522.29388
1786972834.30037
1786972953.30098
1786973194.30210
1786973794.30523
1786974754.31003
1786974814.31026
1786974993.31127
1786975714.31477
1786975953.31609
1786976077.31661
1787124514.31785
1787126015.32245
1787126253.32307
1787128295.32815
1787128714.32918
1787132374.33834
1787135254.34740
1787137053.35637
1787138738.36470
1787140355.37288
1787141373.37792
1787143174.38702
1787143354.38785
1787143415.38817
1787143474.38840
1787143776.38994
1787145575.39904
1787146174.40202
1787146775.40500
1787211815.774
1787213316.1454
1787214455.2031
1787214455.2037
1787214575.2093
1787214814.2208
1787215297.2447
1787216313.2992
1787217214.3451
1787217939.3805
1787218837.4267
1787219739.4706
1787219976.4823
1787220096.4890
1787221115.5798
1787221294.5897
1787222437.6467
1787223036.6768
1787224475.7494
1787224715.7597
1787224775.7637
1787225375.7929
1787225854.8182
1787226574.8534
1787226695.8593
1787227113.8806
1787228075.9291
1787228135.9318
1787228495.9500
1787228914.9714
1787228975.9741
1787229335.9916
1787229455.9977
1787230537.10539
1787230837.10692
1787231314.10921
1787231795.11165
1787231795.11161
1787232275.11418
1787299415.496
1787310337.73
1787310574.198
1787311475.898
1787312137.1022
1787313094.1753
1787313575.2127
1787313637.2151
1787313756.2238
1787314054.2474
1787314236.2599
1787314653.2937
1787314809.3050
1787315136.3301
1787315538.3607
1787316035.3997
1787316515.4359
1787316813.4585
1787316874.4616
1787317295.4944
1787317775.5311
1787318194.5606
1787318554.5880
1787318493.5835
1787318554.5888
1787553339.27332
1787553339.27348
1787553516.27481
1787554415.27804
1787554655.27863
1787554538.27830
1787555379.28048
1787555614.28101
1787555795.28155
1787558017.28702
1787558444.28813
1787558443.28809
1787558796.28897
1787559516.29081
1787559818.29156
1787559875.29174
1787560115.29235
1787560296.29276
1787561140.29489
1787562040.29709
1787563539.30084
1787564076.30222
1787566355.30792
1787566294.30776
1787566836.30910
1787567136.30990
1787567555.31088
1787567913.31182
1787568039.31208
1787568936.31434
1787572236.32263
1787572714.32384
1787573073.32466
1787573674.32621
1787573674.32623
1787574155.32743
1787574514.32835
1787576014.33204
1787575537.33084
1787576797.33401
1787576797.33399
1787577215.33501
1787577516.33585
1787577755.33639
1787577874.33670
1787639441.39247
1787639557.39281
1787639974.39382
1787639974.39384
1787640215.39447
1787640876.39608
1787640938.39624
1787641295.34
1787642916.437
1787643696.634
1787646276.1276
1787646695.1382
1787646882.1431
1787648494.1595
1787649214.1783
1787649814.1924
1787651493.2353
1787651974.2468
1787652574.2619
1787653236.2787
1787654614.3151
1787654674.3195
1787654854.3262
1787655035.3309
1787655214.3352
1787656654.4148
1787656835.4196
1787657439.4471
1787662415.5710
1787664394.6206
1787664394.6207
1787691694.6357
1787726374.6543
1787726554.6590
1787728356.380
1787729374.638
1787729554.683
1787730096.818
1787730455.908
1787732737.1476
1787732675.1460
1787732974.1540
1787733575.1728
1787733995.1860
1787733995.1854
1787736395.2296
1787738553.2714
1787738494.2691
1787738736.2755
1787738794.2770
1787739394.2925
1787739755.3012
1787739994.3069
1787740113.3103
1787740597.3225
1787740895.3299
1787741256.3388
1787742514.3705
1787742574.3717
1787742874.3789
1787742815.3775
1787743053.3837
1787743116.3851
1787743296.3895
1787744014.4075
1787744675.4235
1787744855.4282
1787745275.4387
1787745515.4443
1787745937.4550
1787746175.4612
1787746537.4704
1787746714.4749
1787747614.4974
1787747795.5016
1787748035.5079
1787748035.5071
1787748873.5281
1787749475.5430
1787749475.5438
1787750737.5751
1787750854.5781
1787813077.6083
1787813495.6186
1787814217.6364
1787815361.6647
1787816078.6833
1787820214.7858
1787820457.7920
1787820696.7978
1787821055.8071
1787822138.8338
1787822253.8369
1787822500.8426
1787822500.8432
1787823039.8564
1787823276.8627
1787823756.8744
1787823938.8787
1787823938.8791
1787824115.8830
1787824238.8858
1787824774.8996
1787825616.9212
1787826044.9313
1787826154.9344
1787826216.9353
1787826216.9359
1787826338.9389
1787826395.9399
1787826937.9542
1787827115.9586
1787827594.9702
1787827656.9721
1787827776.9747
1787827838.9765
1787827895.9774
1787828977.10048
1787829214.10110
1787829636.10213
1787830654.10465
1787830594.10455
1787830840.10515
1787831196.10601
1787831616.10706
1787831675.10725
1787832694.10974
1787832994.11055
1787833957.11291
1787835036.11559
1787835522.11687
1787835638.11714
1787836176.11850
1787836595.11949
1787837016.12062
1787898639.12176
1787899422.16
1787900641.321
1787901214.467
1787901695.588
1787901875.634
1787902538.804
1787903676.1087
1787904337.1259
1787904755.1360
1787905354.1514
1787905417.1525
1787905715.1598
1787906075.1690
1787906195.1718
1787907638.2080
1787908538.2309
1787908955.2408
1787908776.2367
1787910755.2856
1787911238.2976
1787912194.3215
1787911895.3145
1787912794.3367
1787912975.3419
1787916936.4390
1787918075.4675
1787918136.4690
1787918974.4903
1787920236.5222
1787921014.5417
1788162706.1834
1788163476.2034
1788163477.2042
1788164019.2180
1788165156.2477
1788165397.2535
1788165458.2556
1788165758.2618
1788166057.2692
1788166297.2751
1788167376.3034
1788168880.3430
1788170376.3810
1788171096.4005
1788174397.4856
1788175897.5246
1788176677.5453
1788177341.5619
1788177698.5712
1788177817.5742
1788178360.5885
1788179442.6167
1788180398.6412
1788181597.6708
1788244301.7691
1788244358.7707
1788244540.7757
1788245018.7866
1788245594.8008
1788246398.8218
1788247299.8456
1788247716.8570
1788247958.8625
1788249639.9060
1788249639.9068
1788250658.9326
1788250839.9374
1788252940.9919
1788253295.10011
1788254140.10235
1788254376.10290
1788254679.10376
1788256719.10904
1788258096.11256
1788258340.11330
1788258340.11324
1788258397.11335
1788258457.11351
1788258699.11417
1788259176.11536
1788259538.11632
1788259596.11650
1788259717.11683
1788260321.11841
1788260441.11872
1788260675.11930
1788261157.12062
1788261397.12121
1788262356.12371
1788262717.12449
1788262777.12464
1788263857.12739
1788263916.12757
1788264515.12900
1788264576.12919
1788264697.12951
1788264878.12996
1788265056.13044
1788266439.13404
1788266798.13491
1788266680.13460
1788267218.13606
1788267401.13648
1788267458.13658
1788267515.13678
1788267756.13744
1788267816.13753
1788267816.13761
1788268057.13819
1788268896.14038
1788268958.14056
1788268957.14048
1788269140.14100
1788331058.111
1788331241.168
1788331297.179
1788332257.397
1788332379.433
1788332439.447
1788332799.543
1788332977.583
1788333106.616
1788334188.883
1788334540.975
1788336156.1409
1788336457.1464
1788336575.1501
1788337057.1631
1788337539.1755
1788337898.1859
1788338496.2014
1788339583.2307
1788339639.2322
1788339699.2336
1788339878.2385
1788340060.2424
1788340116.2443
1788340296.2494
1788340657.2585
1788341017.2680
1788341140.2705
1788341140.2713
1788341195.2730
1788341256.2743
1788341323.2757
1788341856.2901
1788342039.2957
1788342099.2967
1788342099.2971
1788342277.3016
1788342639.3114
1788342816.3160
1788343057.3222
1788343240.3272
1788343841.3429
1788343896.3448
1788343896.3443
1788343956.3456
1788344318.3554
1788344377.3572
1788344797.3681
1788344976.3728
1788345276.3805
1788345276.3808
1788345456.3853
1788345457.3859
1788345697.3914
1788345819.3953
1788346477.4120
1788346540.4132
1788346776.4196
1788347017.4262
1788347079.4273
1788347198.4308
1788347617.4406
1788347740.4436
1788348216.4564
1788348216.4563
1788348341.4593
1788348455.4625
1788348516.4643
1788348576.4658
1788348757.4713
1788349116.4802
1788349356.4869
1788349476.4894
1788349957.5022
1788350018.5033
1788350018.5039
1788350617.5192
1788350797.5243
1788350857.5248
1788351397.5397
1788351643.5455
1788351757.5489
1788352177.5603
1788352956.5798
1788353075.5831
1788353976.6067
1788354396.6172
1788355480.6458
1788355657.6505
1788355656.6503
1788355778.6531
1788355778.6535
1788417097.6882
1788417669.7038
1788418309.7205
1788418548.7259
1788418657.7293
1788418969.7355
1788418969.7349
1788425077.7455
1788425316.7515
1788425797.7637
1788425918.7666
1788426098.7716
1788426277.7758
1788426341.7768
1788426397.7787
1788427718.8118
1788428198.8242
1788429339.8531
1788434618.8696
1788434917.8766
1788436544.9176
1788436717.9212
1788437141.9309
1788437259.9338
1788437197.9322
1788437677.9439
1788437798.9468
1788437918.9496
1788437918.9502
1788438640.9685
1788438816.9722
1788440678.10194
1788441158.10303
1788503858.11172
1788503978.11217
1788504339.11625
1788505258.11873
1788505840.12026
1788506021.12071
1788506259.12121
1788507817.12518
1788508778.12760
1788509018.12821
1788509500.12935
1788509917.13034
1788509977.13054
1788510039.13067
1788510941.13522
1788511422.14105
1788511422.14108
1788511717.14495
1788511778.14571
1788511843.14658
1788512261.15118
1788512440.15329
1788513217.16291
1788513396.16514
1788513456.16597
1788513640.16832
1788513815.17055
1788513875.17133
1788514056.17376
1788514656.18156
1788514716.18247
1788514777.18323
1788514839.18408
1788514957.18555
1788515075.18710
1788515556.19331
1788515739.19563
1788516215.20188
1788516516.20586
1788516695.20831
1788516879.21080
1788517841.22348
1788518441.23141
1788518616.23345
1788519155.24027
1788519155.24031
1788521318.26824
1788762698.124851
1788763245.125201
1788763842.125571
1788854079.165803
1788854377.165961
1788855459.166529
1788855517.166548
1788855761.166682
1788855996.166788
1788857918.167812
1788858277.168018
1788861758.169873
1788862477.170274
1788862956.170532
1788863616.170901
1788864157.171206
1788865118.171775
1788865538.171997
1788865657.172056
1788866256.172345
1788867576.173029
1788867758.173130
1788870697.174569
1788870996.174732
1788871116.174797
1788871716.175116
1788873517.176095
1788875916.177352
1788877777.178389
1788877900.178455
1788877957.178493
1788878557.178829
1788878677.178891
1788879040.179067
1788880057.179616
1788881618.180482
1788881797.180567
1788881979.180663
1788883599.181588
1788884076.181859
1788884918.182327
1788885577.182989
1788886777.184244
1789026969.221460
1789029425.222046
1789032606.222683
1789033745.222908
1789034949.223150
1789043886.224934
1789044606.225082
1789045326.225195
1789108387.229262
1789109586.229504
1789115946.230822
1789118047.231309
1789124105.232515
1789126566.233020
1789127406.233192
1789132327.234182
1789369574.565
1789451947.4931
1789456330.5819
1789456454.5837
1789456686.5884
1789456866.5919
1789457827.6115
1789458665.6307
1789460946.6779
1789461245.6832
1789462808.7151
1789463107.7223
1789463166.7230
1789468687.8515
1789469406.8661
1789470306.8839
1789471386.9059
1789471746.9138
1789471927.9175
1789472885.9383
1789473727.9555
1789473727.9549
1789474446.9709
1789475657.9951
1789475706.9972
1789475657.9957
1789477746.10395
1789484370.11786
1789484430.11821
1789485152.12097
1789485152.12091
1789485270.12173
1789486284.12521
1789486410.12620
1789486410.12626
1789487002.12829
1789543811.17292
1789544525.17432
1789549927.18519
1789551306.18779
1789556226.20642
1789560306.21501
1789561987.21860
1789566606.22830
1789572250.23968
1789573806.24281
1789574286.24374
1789574886.24491
1789575547.24632
1789577226.25471
1789577886.25922
1789578186.26143
1789578966.26677
1789580646.27861
1789580946.28067
1789609567.34553
1789649650.39696
1789721018.368
1789723058.794
1789724317.1100
1789724677.1209
1789724738.1231
1789724801.1251
1789724857.1261
1789725638.1498
1789725818.1553
1789726298.1700
1789726358.1708
1789727559.2080
1789729120.11908
1789729060.11549
1789730078.18660
1789731337.27146
1789731817.29705
1789732538.35140
1789732658.36211
1789733258.41557
1789735299.59449
1789735479.61015
1789735838.64127
1789735898.64653
1789736317.68306
1789736377.68835
1789736678.71478
1789738004.83144
1789737821.81535
1789738124.84202
1789972427.431670
1789972667.431771
1789973923.432151
1789979738.434152
1789979799.434170
1789980099.434334
1789980758.434657
1789980638.434604
1789981059.434816
1789981418.434987
1789981478.435012
1789981599.435078
1789982738.435640
1789982918.435745
1789982918.435747
1789983039.435804
1789984361.436464
1789984782.436680
1789984903.436735
1789985142.436850
1789985680.437122
1789985739.437152
1789986281.437417
1789986344.437446
1789988861.438709
1789989220.438895
1789989280.438929
1789989340.438962
1789989819.439205
1789990000.439293
1789990181.439389
1789990302.439441
1789990539.439554
1789991200.439887
1789991319.439950
1789991319.439936
1789992461.440516
1789993605.441081
1789994084.441332
1789994624.441606
1789995222.441903
1789995461.442018
1789995703.442135
1789996119.442353
1789996479.442519
1789996544.442562
1789996601.442582
1789996661.442622
1789996720.442642
1789996840.442696
1789996960.442759
1789997080.442834
1789997261.442925
1789997380.442984
1790058768.35
1790058887.112
1790058947.145
1790059126.250
1790059186.260
1790059186.268
1790059426.387
1790060386.872
1790061047.1208
1790061227.1300
1790061587.1465
1790061587.1475
1790061766.1565
1790063267.1854
1790068609.2285
1790068846.2397
1790069506.2740
1790070714.3334
1790077729.3837
1790077909.3919
1790077969.3947
1790078209.4086
1790078747.4333
1790079830.4890
1790080969.5407
1790081028.5431
1790145049.10883
1790145108.10954
1790145426.11324
1790145829.11814
1790145945.11940
1790146069.12087
1790146184.12258
1790146548.12616
1790146608.12717
1790146968.13090
1790147809.13941
1790148225.14371
1790148284.14417
1790148709.14844
1790148825.14987
1790149846.15976
1790149847.15991
1790150216.16363
1790168678.16897
1790168740.16948
1790168678.16887
1790170060.17684
1790248020.23722
1790250908.24489
1790250968.24509
1790251809.24793
1790252588.25067
1790253428.25363
1790256071.27511
1790256431.27837
1790320331.29185
1790320511.29308
1790320931.29687
1790321231.29918
1790323391.30732
1790323451.30789
1790331251.33036
1790331909.33297
1790331968.33314
1790332269.33430
1790332388.33475
1790332448.33497
1790335868.34759
1790342170.37056
1790579950.1034
1790581508.1573
1790582289.1852
1790582409.1883
1790583008.2102
1790583668.2325
1790583848.2387
1790586189.3507
1790586489.3678
1790590269.5567
1790591049.5966
1790593629.7254
1790594711.8056
1790594771.8089
1790596091.9166
1790596631.9608
1790597410.10198
1790598310.10922
1790599932.12244
1790602691.14437
1790602811.14532
1790664011.15966
1790665510.17168
1790667252.18581
1790669892.20675
1790670793.21420
1790671511.21968
1790672299.22588
1790672299.22586
1790672902.23100
1790673021.23192
1790674397.24036
1790674397.24042
1790674697.24201
1790675057.24369
1790675717.24704
1790678297.26003
1790679317.26507
1790681117.27405
1790682917.28301
1790683398.28554
1790683517.28597
1790684118.28915
1790684837.29262
1790685617.29649
1790687657.30675
1790687957.30832
1790689157.31432
1790689218.31454
1790689817.31760
1790690777.32115
1790750598.32578
1790752577.521
1790754017.1241
1790754437.1446
1790755457.1953
1790755517.1991
1790756117.2281
1790756417.2444
1790756957.2705
1790757078.2761
1790757138.2794
1790757197.2827
1790758998.3732
1790760196.4146
1790761696.4520
1790761636.4505
1790762236.4655
1790765955.5582
1790769196.6383
1790769316.6411
1790769796.6533
1790773576.7474
1790777417.8436
